1 0.453754 0.721429 0.019711 0.026531
1 0.343067 0.725510 0.025776 0.026531
2 0.402959 0.775510 0.042455 0.016327
2 0.741844 0.846939 0.037907 0.020408
2 0.195989 0.675510 0.034874 0.008163
2 0.276351 0.563265 0.025776 0.012245
2 0.958669 0.655102 0.028809 0.016327
1 0.790364 0.823469 0.019711 0.022449
1 0.678919 0.820408 0.021228 0.028571
1 0.247542 0.654082 0.031842 0.018367
1 0.144436 0.657143 0.019711 0.032653
1 0.242235 0.538776 0.012130 0.012245
1 0.313500 0.544898 0.006065 0.012245
1 0.381732 0.473469 0.009098 0.016327
1 0.311983 0.476531 0.012130 0.018367
1 0.521986 0.566327 0.013646 0.022449
1 0.450721 0.548980 0.010614 0.012245
1 0.497726 0.655102 0.007581 0.008163
1 0.781267 0.621429 0.010614 0.030612
1 0.681952 0.613265 0.012130 0.018367
1 0.921521 0.639796 0.015163 0.010204