0 0.283186 0.874631 0.008850 0.023599
0 0.340708 0.877581 0.005900 0.011799
0 0.435841 0.670354 0.005900 0.008850
0 0.396386 0.670354 0.003687 0.011799
0 0.382375 0.775074 0.008112 0.005900
0 0.336283 0.771386 0.008850 0.004425
0 0.594764 0.790560 0.006637 0.025074
0 0.649336 0.794248 0.005162 0.023599
0 0.714602 0.646755 0.004425 0.026549
0 0.764749 0.651180 0.004425 0.026549
0 0.586283 0.898968 0.013274 0.008850
0 0.640855 0.905605 0.004425 0.016224
0 0.723820 0.702065 0.008112 0.010324
0 0.766224 0.707227 0.004425 0.005900
2 0.622419 0.817847 0.010324 0.005900
2 0.612094 0.910767 0.011799 0.008850
2 0.312684 0.884956 0.010324 0.010324
2 0.360251 0.783186 0.011062 0.013274
2 0.414454 0.691740 0.005900 0.004425
0 0.556904 0.645637 0.004282 0.013322
0 0.520506 0.646589 0.003806 0.013322
0 0.462223 0.607099 0.004282 0.016177
0 0.422971 0.608526 0.002855 0.011419