1 0.555867 0.800000 0.029082 0.024490
1 0.648469 0.801020 0.018367 0.018367
1 0.777041 0.786735 0.030612 0.018367
1 0.861224 0.785714 0.018367 0.012245
1 0.728061 0.745918 0.015306 0.022449
1 0.389796 0.819388 0.024490 0.022449
1 0.284949 0.823469 0.022959 0.018367
1 0.224490 0.738776 0.015306 0.020408
1 0.137245 0.736735 0.015306 0.024490
1 0.176276 0.652041 0.016837 0.014286
1 0.227551 0.651020 0.012245 0.016327
1 0.266582 0.593878 0.013776 0.016327
1 0.710459 0.989796 0.016837 0.016327
1 0.832908 0.990816 0.016837 0.014286
1 0.961947 0.852041 0.029337 0.017007
0 0.717687 0.590986 0.010204 0.011905
0 0.784014 0.589286 0.007653 0.011905