1 0.221239 0.868404 0.044248 0.028843
1 0.213864 0.928712 0.005900 0.034087
1 0.087021 0.871026 0.029499 0.044576
1 0.096608 0.931334 0.019174 0.028843
1 0.192478 0.611439 0.022124 0.049820
1 0.291298 0.606195 0.016224 0.044576
1 0.342183 0.469846 0.029499 0.018355
1 0.099558 0.541953 0.030973 0.015733
1 0.039823 0.680924 0.026549 0.020977
1 0.157080 0.410849 0.025074 0.015733
1 0.073009 0.412160 0.013274 0.023599
1 0.201327 0.342675 0.022124 0.020977
1 0.224926 0.300721 0.010324 0.015733
1 0.366519 0.326942 0.013274 0.015733
1 0.403392 0.260079 0.013274 0.013110
1 0.298673 0.262701 0.022124 0.007866
2 0.153392 0.919535 0.035398 0.020977
2 0.660029 0.923468 0.051622 0.018355
2 0.853350 0.495739 0.033713 0.011238
0 0.556258 0.411458 0.014749 0.022475
0 0.627370 0.416140 0.024231 0.013110
0 0.593658 0.903100 0.020017 0.028094
0 0.721134 0.907782 0.024231 0.026221
0 0.855457 0.727045 0.006321 0.031840
0 0.804888 0.481692 0.029499 0.020602
0 0.801728 0.552863 0.012642 0.028094
0 0.859145 0.294400 0.007375 0.028094