0 0.679941 0.630371 0.011799 0.056109
0 0.802360 0.617169 0.008850 0.029705
0 0.483776 0.590765 0.017699 0.016503
0 0.575959 0.579213 0.010324 0.006601
0 0.251475 0.688130 0.010324 0.033005
0 0.369469 0.660076 0.007375 0.036306
0 0.089233 0.739289 0.022124 0.023104
0 0.146755 0.653475 0.007375 0.029705
0 0.250000 0.288766 0.010324 0.013202
0 0.426254 0.348175 0.017699 0.006601
0 0.399705 0.396033 0.002950 0.029705
0 0.023599 0.843256 0.005900 0.039606
2 0.530236 0.589114 0.030973 0.019803
2 0.912979 0.881212 0.020649 0.016503